15 0.830556 0.165625 0.308333 0.306250
15 0.830556 0.517014 0.313889 0.249306
15 0.834722 0.848611 0.313889 0.237500
15 0.604514 0.871528 0.113194 0.216667
15 0.490625 0.905208 0.100694 0.161806
15 0.395833 0.734722 0.097222 0.119444
15 0.380208 0.843750 0.082639 0.191667
15 0.417014 0.418750 0.110417 0.127778
15 0.552431 0.532292 0.204861 0.149306
15 0.170833 0.169444 0.312500 0.311111
15 0.215625 0.497917 0.200694 0.304167
15 0.151736 0.709722 0.171528 0.065278
15 0.180556 0.878472 0.281944 0.212500
