15 0.878819 0.110069 0.213194 0.204861
15 0.763542 0.229167 0.182639 0.187500
15 0.806250 0.498958 0.261111 0.321528
15 0.860764 0.802778 0.046528 0.097222
15 0.783333 0.812153 0.088889 0.115972
15 0.612500 0.416667 0.083333 0.158333
15 0.409375 0.550694 0.099306 0.134722
16 0.143403 0.064583 0.175694 0.101389
15 0.172917 0.201736 0.122222 0.193750
15 0.505903 0.759375 0.124306 0.100694
15 0.246528 0.501389 0.066667 0.106944
15 0.293056 0.402778 0.063889 0.090278
15 0.046181 0.415972 0.059028 0.063889
15 0.073611 0.568750 0.058333 0.111111
15 0.115972 0.580903 0.051389 0.111806
15 0.282292 0.776042 0.079861 0.079861
15 0.243750 0.884028 0.086111 0.140278
15 0.187500 0.832292 0.059722 0.100694
15 0.148264 0.784722 0.065972 0.109722
16 0.187500 0.771528 0.037500 0.037500
16 0.529514 0.591319 0.114583 0.132639
16 0.477431 0.388542 0.092361 0.096528
15 0.615625 0.936806 0.085417 0.090278
15 0.497569 0.937153 0.124306 0.107639
15 0.961806 0.813194 0.050000 0.118056
16 0.612500 0.791319 0.084722 0.082639
16 0.492014 0.171875 0.288194 0.303472
15 0.279861 0.176042 0.093056 0.188194
15 0.057639 0.207639 0.090278 0.186111
16 0.642014 0.593750 0.038194 0.112500
15 0.398611 0.900000 0.081944 0.088889
