15 0.831597 0.497917 0.311806 0.319444
15 0.814236 0.171528 0.275694 0.294444
15 0.596528 0.201389 0.127778 0.118056
15 0.472569 0.074306 0.078472 0.081944
15 0.435417 0.184028 0.056944 0.138889
15 0.474306 0.398264 0.065278 0.102083
15 0.397917 0.559028 0.113889 0.112500
15 0.478819 0.551389 0.070139 0.115278
15 0.614236 0.610069 0.059028 0.084028
15 0.822917 0.851389 0.095833 0.180556
15 0.937500 0.743750 0.077778 0.122222
15 0.511111 0.811458 0.248611 0.268750
15 0.103819 0.569792 0.181250 0.172917
15 0.238889 0.896875 0.094444 0.157639
15 0.270139 0.512153 0.113889 0.186806
15 0.185069 0.204861 0.218750 0.233333
15 0.275000 0.750694 0.102778 0.070833
15 0.772569 0.929514 0.081250 0.118750
