15 0.822222 0.165278 0.258333 0.306944
15 0.840625 0.382986 0.082639 0.078472
15 0.790625 0.849653 0.179861 0.278472
15 0.953125 0.754861 0.079861 0.126389
15 0.952431 0.929514 0.077083 0.096528
15 0.503125 0.824653 0.307639 0.267361
16 0.529514 0.418056 0.200694 0.152778
16 0.485069 0.575000 0.157639 0.069444
15 0.481944 0.082639 0.130556 0.073611
15 0.459722 0.254514 0.136111 0.128472
15 0.565625 0.222222 0.082639 0.108333
15 0.171875 0.223264 0.115972 0.171528
16 0.060417 0.510069 0.044444 0.090972
16 0.096528 0.588542 0.065278 0.125694
16 0.175347 0.480208 0.054861 0.078472
16 0.270486 0.597917 0.045139 0.098611
15 0.227431 0.780208 0.106250 0.092361
15 0.137153 0.740972 0.050694 0.056944
15 0.081250 0.861458 0.075000 0.120139
15 0.157292 0.900694 0.078472 0.137500
15 0.257986 0.888194 0.120139 0.116667
15 0.898611 0.451736 0.066667 0.045139
15 0.883681 0.540625 0.181250 0.088194
