15 0.829514 0.499306 0.311806 0.283333
15 0.837500 0.166667 0.290278 0.297222
15 0.498611 0.183681 0.319444 0.279861
15 0.500347 0.506250 0.296528 0.286111
16 0.503472 0.829861 0.306944 0.301389
15 0.254861 0.430556 0.105556 0.126389
15 0.173958 0.586458 0.090972 0.138194
15 0.076389 0.419097 0.109722 0.107639
15 0.179514 0.096181 0.100694 0.143750
15 0.215278 0.806250 0.227778 0.243056
15 0.836111 0.832292 0.294444 0.286806
15 0.102431 0.248958 0.102083 0.120139
15 0.271875 0.259375 0.110417 0.095139
