15 0.830208 0.510417 0.304861 0.265278
15 0.779861 0.053819 0.056944 0.088194
15 0.795833 0.154167 0.100000 0.111111
15 0.835069 0.832639 0.296528 0.302778
15 0.520139 0.853125 0.261111 0.254861
15 0.162153 0.527083 0.302083 0.188889
15 0.069097 0.912500 0.075694 0.087500
15 0.149653 0.942014 0.065972 0.093750
15 0.226736 0.930903 0.064583 0.090972
15 0.271181 0.733681 0.046528 0.079861
15 0.104167 0.712500 0.061111 0.076389
15 0.162847 0.379861 0.292361 0.084722
15 0.167708 0.210764 0.107639 0.220139
15 0.286458 0.179514 0.085417 0.186806
15 0.145833 0.071875 0.101389 0.090972
15 0.964931 0.238194 0.035417 0.145833
15 0.865278 0.277083 0.122222 0.075000
15 0.896875 0.064583 0.088194 0.109722
15 0.918750 0.166319 0.129167 0.107639
15 0.572569 0.392014 0.106250 0.056250
15 0.599653 0.466667 0.121528 0.083333
15 0.632639 0.537847 0.047222 0.114583
15 0.448958 0.628125 0.153472 0.063194
15 0.406250 0.497917 0.147222 0.108333
15 0.441667 0.383333 0.077778 0.090278
15 0.449653 0.114583 0.056250 0.048611
15 0.460069 0.195833 0.074306 0.098611
15 0.378125 0.176736 0.064583 0.124306
16 0.567708 0.127778 0.027083 0.062500
16 0.530556 0.105556 0.020833 0.043056
