15 0.732986 0.086111 0.104861 0.069444
16 0.817708 0.148264 0.074306 0.084028
15 0.725694 0.181597 0.052778 0.107639
15 0.925694 0.229861 0.061111 0.175000
15 0.870139 0.265625 0.048611 0.097917
15 0.971528 0.115972 0.040278 0.183333
15 0.496875 0.189931 0.252083 0.242361
15 0.058681 0.099306 0.092361 0.152778
15 0.195486 0.272222 0.113194 0.090278
15 0.160417 0.118056 0.058333 0.123611
15 0.128472 0.227083 0.108333 0.126389
15 0.171181 0.514236 0.311806 0.263194
15 0.169792 0.800000 0.309028 0.237500
15 0.812153 0.862500 0.136806 0.231944
15 0.914583 0.507639 0.056944 0.123611
15 0.625347 0.822222 0.059028 0.105556
15 0.406250 0.911111 0.079167 0.138889
15 0.490625 0.744097 0.075694 0.096528
15 0.521181 0.576042 0.045139 0.096528
15 0.451736 0.585764 0.052083 0.107639
15 0.557986 0.446528 0.046528 0.077778
15 0.619444 0.534028 0.052778 0.076389
15 0.713889 0.408681 0.075000 0.068750
15 0.742014 0.564236 0.043750 0.107639
15 0.780556 0.588542 0.061111 0.125694
15 0.810417 0.490625 0.041667 0.068750
15 0.848958 0.524306 0.060417 0.077778
15 0.942708 0.722569 0.063194 0.095139
15 0.794444 0.698264 0.120833 0.054861
15 0.915625 0.051042 0.057639 0.070139
