16 0.832639 0.503125 0.283333 0.242361
16 0.819097 0.837847 0.274306 0.238194
16 0.850347 0.178472 0.265972 0.248611
15 0.506250 0.498264 0.226389 0.307639
15 0.498611 0.190625 0.130556 0.134028
15 0.107292 0.153472 0.059028 0.183333
15 0.164236 0.234722 0.075694 0.138889
15 0.171875 0.499653 0.304861 0.307639
15 0.166319 0.865972 0.303472 0.209722
15 0.542708 0.890278 0.189583 0.195833
15 0.400000 0.855903 0.120833 0.164583
15 0.560069 0.750000 0.193750 0.122222
15 0.245139 0.721181 0.154167 0.096528
15 0.201736 0.135417 0.050694 0.077778
15 0.386806 0.127778 0.086111 0.219444
