15 0.836806 0.204861 0.145833 0.250000
15 0.890625 0.405556 0.142361 0.059722
15 0.829514 0.535069 0.310417 0.238194
15 0.907292 0.825347 0.171528 0.297917
15 0.477083 0.834722 0.268056 0.306944
15 0.503125 0.487500 0.327083 0.295833
15 0.167708 0.545486 0.314583 0.217361
15 0.159028 0.832639 0.212500 0.268056
15 0.147917 0.209375 0.240278 0.227083
15 0.484375 0.130556 0.252083 0.115278
15 0.547569 0.237500 0.164583 0.093056
15 0.136111 0.073958 0.102778 0.089583
15 0.751736 0.905903 0.134028 0.140972
