16 0.835764 0.831944 0.117361 0.297222
16 0.744792 0.230903 0.100694 0.131250
16 0.765278 0.119792 0.116667 0.059028
16 0.886111 0.042708 0.104167 0.060417
16 0.545486 0.481250 0.206250 0.120833
16 0.466319 0.558333 0.163194 0.106944
16 0.508333 0.741319 0.108333 0.103472
16 0.562153 0.800347 0.093750 0.078472
16 0.601042 0.904167 0.132639 0.072222
16 0.428819 0.731597 0.060417 0.125694
16 0.382292 0.761111 0.085417 0.083333
16 0.389931 0.889236 0.100694 0.059028
16 0.101389 0.782639 0.173611 0.220833
16 0.219097 0.815625 0.202083 0.159028
16 0.378472 0.408333 0.073611 0.136111
16 0.279861 0.475694 0.076389 0.081944
16 0.140625 0.569444 0.071528 0.093056
16 0.174306 0.501389 0.086111 0.048611
16 0.086806 0.552778 0.059722 0.113889
16 0.270486 0.387153 0.093750 0.059028
16 0.136806 0.444792 0.051389 0.039583
16 0.077431 0.371875 0.046528 0.070139
16 0.204514 0.614931 0.071528 0.065972
16 0.039236 0.394097 0.039583 0.053472
15 0.524653 0.157986 0.153472 0.157639
15 0.535069 0.268750 0.100694 0.045833
16 0.469097 0.286458 0.128472 0.072917
15 0.403125 0.131597 0.095139 0.096528
16 0.827083 0.207639 0.041667 0.075000
16 0.242014 0.134028 0.152083 0.072222
16 0.218750 0.212500 0.159722 0.098611
16 0.106597 0.250347 0.153472 0.095139
16 0.730903 0.547222 0.096528 0.081944
16 0.917361 0.574653 0.069444 0.081250
