16 0.822917 0.211458 0.101389 0.092361
16 0.500694 0.139236 0.122222 0.089583
16 0.854514 0.853819 0.197917 0.177083
16 0.852083 0.465278 0.097222 0.102778
16 0.946528 0.383333 0.081944 0.086111
16 0.518750 0.541667 0.098611 0.086111
16 0.611458 0.614931 0.090972 0.077083
16 0.512500 0.870833 0.098611 0.080556
16 0.179514 0.868403 0.104861 0.092361
16 0.282986 0.705903 0.047917 0.067361
16 0.246528 0.530556 0.130556 0.106944
16 0.187153 0.375347 0.088194 0.071528
16 0.100694 0.387847 0.073611 0.099306
16 0.044792 0.504861 0.063194 0.105556
16 0.239583 0.142014 0.151389 0.109028
16 0.091319 0.215972 0.050694 0.050000
16 0.049653 0.168750 0.077083 0.098611
16 0.385417 0.056597 0.084722 0.096528
16 0.725000 0.043056 0.052778 0.069444
16 0.720139 0.285069 0.093056 0.063194
16 0.873611 0.704167 0.075000 0.066667
16 0.615278 0.705903 0.056944 0.075694
16 0.373958 0.612500 0.064583 0.056944
