16 0.725347 0.182986 0.215972 0.271528
16 0.843750 0.447222 0.093056 0.068056
16 0.826042 0.508333 0.107639 0.062500
16 0.947222 0.551042 0.068056 0.088194
16 0.936111 0.398611 0.086111 0.086111
16 0.672222 0.430556 0.077778 0.079167
16 0.570486 0.536111 0.067361 0.080556
16 0.631597 0.552778 0.059028 0.101389
16 0.539931 0.432292 0.078472 0.079861
16 0.226042 0.494792 0.218750 0.267361
16 0.395139 0.835417 0.145833 0.191667
16 0.155556 0.842361 0.138889 0.166667
16 0.834028 0.789583 0.101389 0.123611
16 0.746181 0.759028 0.086806 0.130556
16 0.688194 0.925694 0.109722 0.113889
16 0.853125 0.876736 0.084028 0.063194
16 0.929861 0.920139 0.105556 0.140278
16 0.846875 0.947222 0.052083 0.061111
16 0.376042 0.195833 0.179861 0.148611
16 0.153819 0.177778 0.159028 0.172222
