16 0.867708 0.124306 0.115972 0.229167
16 0.856944 0.775694 0.055556 0.105556
16 0.911111 0.830208 0.058333 0.079861
16 0.953472 0.901042 0.075000 0.068750
16 0.810764 0.846528 0.084028 0.094444
16 0.810417 0.942361 0.083333 0.079167
16 0.705903 0.806944 0.068750 0.105556
16 0.592708 0.784722 0.082639 0.130556
16 0.366667 0.765625 0.062500 0.092361
16 0.453472 0.925347 0.106944 0.038194
16 0.431944 0.827431 0.063889 0.057639
16 0.339583 0.876736 0.086111 0.032639
16 0.344792 0.906944 0.084028 0.027778
16 0.052778 0.728819 0.059722 0.068750
16 0.094097 0.854514 0.031250 0.056250
16 0.143750 0.843750 0.069444 0.056944
16 0.137500 0.465278 0.056944 0.123611
16 0.087500 0.478819 0.038889 0.075694
16 0.607639 0.409722 0.048611 0.079167
16 0.658333 0.461458 0.061111 0.052083
16 0.567014 0.472917 0.074306 0.050000
16 0.551389 0.579167 0.079167 0.052778
16 0.675000 0.555556 0.073611 0.048611
16 0.368403 0.400347 0.040972 0.074306
16 0.407986 0.449306 0.067361 0.037500
16 0.336806 0.482292 0.062500 0.036806
16 0.443403 0.493056 0.057639 0.040278
16 0.374306 0.064931 0.081944 0.117361
16 0.426389 0.156250 0.098611 0.069444
16 0.322917 0.154861 0.090278 0.084722
16 0.344097 0.242361 0.077083 0.044444
16 0.422569 0.226389 0.067361 0.041667
16 0.547222 0.104167 0.059722 0.054167
16 0.545486 0.220139 0.059028 0.080556
16 0.604167 0.254167 0.043056 0.079167
16 0.734722 0.225347 0.066667 0.053472
16 0.679514 0.234028 0.046528 0.061111
16 0.592361 0.063542 0.036111 0.056250
16 0.202431 0.209722 0.067361 0.062500
16 0.096181 0.055208 0.065972 0.089583
16 0.165972 0.096181 0.065278 0.054861
16 0.081944 0.125694 0.069444 0.051389
16 0.093403 0.230208 0.054861 0.075694
16 0.128125 0.252083 0.025694 0.058333
