16 0.866319 0.163194 0.099306 0.159722
16 0.751389 0.253819 0.109722 0.138194
16 0.784722 0.116319 0.077778 0.115972
16 0.962500 0.137500 0.052778 0.061111
16 0.944792 0.037500 0.088194 0.054167
16 0.750000 0.424306 0.147222 0.105556
16 0.844097 0.533681 0.160417 0.114583
16 0.899306 0.449653 0.098611 0.084028
16 0.970139 0.515278 0.045833 0.058333
16 0.965972 0.607639 0.038889 0.088889
16 0.921528 0.760069 0.105556 0.159028
16 0.796875 0.859722 0.128472 0.159722
16 0.764931 0.785417 0.074306 0.098611
16 0.888542 0.898958 0.075694 0.106250
16 0.425694 0.777778 0.109722 0.080556
16 0.521875 0.867708 0.143750 0.120139
16 0.629861 0.751736 0.069444 0.056250
16 0.577431 0.705903 0.063194 0.054861
16 0.514583 0.740278 0.048611 0.059722
16 0.264931 0.715625 0.050694 0.085417
16 0.303819 0.757639 0.039583 0.065278
16 0.231250 0.904167 0.081944 0.118056
16 0.138889 0.824306 0.101389 0.156944
16 0.523264 0.467361 0.163194 0.104167
16 0.437847 0.568403 0.127083 0.082639
16 0.252431 0.447569 0.104861 0.067361
16 0.162153 0.542708 0.150694 0.088194
16 0.050694 0.418403 0.080556 0.050694
16 0.123264 0.390625 0.122917 0.067361
16 0.517014 0.139236 0.165972 0.093750
16 0.431250 0.233681 0.118056 0.082639
16 0.626042 0.262500 0.052083 0.051389
16 0.208681 0.187500 0.097917 0.170833
16 0.123958 0.128472 0.092361 0.156944
16 0.088889 0.294792 0.063889 0.065972
