16 0.561111 0.897569 0.363889 0.172917
16 0.370833 0.837500 0.097222 0.106944
16 0.915625 0.737153 0.077083 0.099306
16 0.899306 0.809722 0.090278 0.050000
16 0.832292 0.750694 0.072917 0.062500
16 0.823264 0.895486 0.118750 0.059028
16 0.895139 0.880208 0.056944 0.074306
16 0.854514 0.939583 0.104861 0.037500
16 0.893403 0.582986 0.068750 0.124306
16 0.949306 0.395833 0.058333 0.106944
16 0.873611 0.411458 0.054167 0.079861
16 0.799653 0.389931 0.075694 0.068750
16 0.813542 0.462500 0.070139 0.055556
16 0.787500 0.606597 0.066667 0.102083
16 0.926042 0.202778 0.059028 0.150000
16 0.877083 0.089236 0.086111 0.063194
16 0.789583 0.206250 0.063889 0.150000
16 0.635764 0.107986 0.050694 0.078472
16 0.695486 0.469444 0.060417 0.065278
16 0.692361 0.607986 0.076389 0.104861
16 0.522569 0.493056 0.071528 0.052778
16 0.448958 0.570139 0.059028 0.048611
16 0.701042 0.268056 0.089583 0.094444
16 0.466319 0.269444 0.074306 0.106944
16 0.398264 0.211458 0.079861 0.189583
15 0.154514 0.444792 0.120139 0.161806
15 0.197222 0.575694 0.086111 0.093056
15 0.061111 0.528472 0.109722 0.150000
16 0.130556 0.729167 0.088889 0.101389
16 0.344444 0.777778 0.081944 0.087500
16 0.173958 0.914236 0.061806 0.109028
16 0.214931 0.815278 0.059028 0.077778
16 0.098264 0.882292 0.049306 0.095139
16 0.039236 0.742361 0.064583 0.055556
16 0.075694 0.226042 0.122222 0.079861
16 0.296875 0.132986 0.084028 0.068750
16 0.427778 0.431250 0.062500 0.048611
16 0.511458 0.434375 0.025694 0.046528
16 0.578125 0.412847 0.031250 0.043750
16 0.629167 0.433681 0.059722 0.052083
16 0.642014 0.469792 0.036806 0.053472
16 0.583333 0.528472 0.063889 0.061111
16 0.352431 0.429514 0.064583 0.047917
16 0.296875 0.404861 0.029861 0.086111
16 0.779514 0.787500 0.047917 0.116667
