16 0.817014 0.584028 0.320139 0.218056
16 0.596181 0.453819 0.206250 0.150694
16 0.580556 0.660069 0.168056 0.177083
16 0.380903 0.604861 0.160417 0.252778
16 0.783681 0.114931 0.372917 0.197917
16 0.617014 0.293403 0.193750 0.170139
16 0.483333 0.129514 0.148611 0.172917
16 0.395486 0.294097 0.252083 0.156250
16 0.129167 0.123958 0.237500 0.202083
16 0.196528 0.320833 0.090278 0.105556
16 0.197569 0.420833 0.109028 0.081944
16 0.114583 0.355903 0.061111 0.114583
16 0.059028 0.445139 0.070833 0.066667
16 0.175694 0.713542 0.141667 0.057639
16 0.205556 0.819097 0.052778 0.061806
16 0.107639 0.870486 0.047222 0.117361
16 0.869097 0.871528 0.227083 0.230556
16 0.664236 0.822222 0.065972 0.112500
15 0.619444 0.948264 0.077778 0.071528
16 0.708681 0.949653 0.082639 0.074306
