15 0.522917 0.491667 0.127778 0.122222
16 0.889931 0.231250 0.079861 0.109722
15 0.145833 0.447222 0.054167 0.054167
15 0.062500 0.484375 0.102778 0.074306
16 0.185417 0.586458 0.091667 0.143750
16 0.171181 0.196528 0.275694 0.265278
16 0.494792 0.168403 0.307639 0.304861
16 0.753472 0.223264 0.168056 0.107639
16 0.884028 0.080208 0.122222 0.078472
16 0.800694 0.147569 0.145833 0.056250
16 0.963889 0.177431 0.055556 0.095139
16 0.163542 0.827431 0.317361 0.313194
16 0.405556 0.789583 0.133333 0.150000
16 0.546528 0.837847 0.144444 0.074306
16 0.409028 0.939931 0.118056 0.096528
16 0.539931 0.948264 0.136806 0.092361
16 0.722917 0.798611 0.111111 0.080556
16 0.882986 0.774653 0.114583 0.114583
16 0.884722 0.912847 0.052778 0.117361
16 0.937847 0.894097 0.086806 0.113194
16 0.790625 0.871875 0.072917 0.103472
16 0.802431 0.772569 0.075694 0.086806
16 0.715625 0.469444 0.096528 0.158333
16 0.882292 0.605208 0.168750 0.092361
16 0.884722 0.454861 0.183333 0.173611
16 0.410764 0.612847 0.147917 0.099306
16 0.547569 0.589236 0.189583 0.064583
16 0.595139 0.454861 0.115278 0.187500
15 0.403125 0.489583 0.136806 0.101389
