16 0.871528 0.190625 0.190278 0.167361
16 0.906250 0.299306 0.104167 0.056944
16 0.782986 0.308681 0.109028 0.049306
16 0.822222 0.535069 0.166667 0.195139
16 0.706250 0.452778 0.044444 0.108333
16 0.723264 0.568403 0.039583 0.090972
16 0.817361 0.849306 0.158333 0.176389
16 0.888194 0.959722 0.088889 0.036111
16 0.765278 0.949653 0.119444 0.052083
16 0.481250 0.822222 0.166667 0.169444
16 0.563194 0.713889 0.095833 0.052778
16 0.431250 0.723958 0.093056 0.056250
16 0.205556 0.810417 0.116667 0.137500
16 0.279514 0.698958 0.090972 0.047917
16 0.300694 0.795486 0.045833 0.064583
16 0.117014 0.774306 0.064583 0.086111
16 0.089236 0.907292 0.095139 0.128472
16 0.423264 0.418056 0.104861 0.159722
16 0.530556 0.521528 0.104167 0.147222
16 0.627431 0.546528 0.054861 0.066667
16 0.444444 0.564931 0.083333 0.092361
16 0.584375 0.252083 0.090972 0.134722
16 0.204514 0.484722 0.113194 0.145833
16 0.092014 0.581597 0.103472 0.140972
16 0.251042 0.257292 0.152083 0.099306
16 0.470139 0.147917 0.123611 0.141667
16 0.557639 0.103819 0.087500 0.099306
16 0.377083 0.134028 0.062500 0.062500
16 0.394792 0.038194 0.090972 0.048611
16 0.150694 0.143403 0.145833 0.118750
16 0.117014 0.441667 0.060417 0.101389
16 0.189583 0.363194 0.066667 0.051389
16 0.280208 0.367014 0.079861 0.050694
16 0.111111 0.232292 0.090278 0.071528
16 0.132639 0.047917 0.050000 0.059722
16 0.486458 0.035417 0.059028 0.058333
16 0.190972 0.698958 0.065278 0.045139
