16 0.809375 0.564583 0.182639 0.115278
16 0.881250 0.670833 0.191667 0.118056
16 0.800000 0.765625 0.176389 0.143750
16 0.622222 0.704167 0.145833 0.188889
16 0.631250 0.547222 0.159722 0.077778
16 0.598611 0.874653 0.179167 0.156250
16 0.798611 0.898958 0.200000 0.099306
16 0.942708 0.874653 0.096528 0.117361
16 0.848611 0.353819 0.097222 0.232639
16 0.734028 0.159722 0.119444 0.155556
16 0.566319 0.330556 0.131250 0.165278
16 0.635764 0.247917 0.067361 0.050000
16 0.700000 0.363194 0.077778 0.181944
16 0.934028 0.129167 0.109722 0.191667
16 0.952431 0.347569 0.064583 0.238194
16 0.830903 0.191319 0.059028 0.084028
16 0.162847 0.166319 0.263194 0.275694
16 0.463889 0.102431 0.048611 0.093750
16 0.406944 0.044444 0.036111 0.030556
16 0.361111 0.073611 0.038889 0.036111
16 0.252778 0.414931 0.130556 0.131250
16 0.083681 0.417361 0.128472 0.127778
16 0.227431 0.600694 0.303472 0.138889
16 0.411806 0.574653 0.077778 0.081250
16 0.474306 0.660069 0.044444 0.077083
16 0.428819 0.834028 0.124306 0.301389
16 0.184375 0.803125 0.346528 0.245139
16 0.422917 0.455903 0.045833 0.067361
