16 0.173264 0.104167 0.263194 0.180556
16 0.221528 0.263542 0.122222 0.086806
16 0.075000 0.276736 0.122222 0.086806
16 0.257639 0.385417 0.131944 0.090278
16 0.221528 0.519097 0.188889 0.104861
16 0.045486 0.464236 0.082639 0.092361
16 0.085417 0.383333 0.038889 0.048611
16 0.108681 0.446875 0.032639 0.063194
16 0.142014 0.373264 0.035417 0.052083
16 0.103472 0.701042 0.169444 0.081250
16 0.246528 0.717014 0.095833 0.127083
16 0.124653 0.792708 0.214583 0.106250
16 0.215972 0.897917 0.115278 0.120833
16 0.297917 0.811458 0.048611 0.079861
16 0.574653 0.485069 0.096528 0.088194
16 0.493403 0.532292 0.072917 0.115972
16 0.452431 0.451736 0.113194 0.061806
16 0.502431 0.144444 0.077083 0.177778
16 0.615625 0.184375 0.089583 0.131250
16 0.406597 0.267708 0.127083 0.159028
16 0.409722 0.108681 0.119444 0.150694
16 0.513889 0.276042 0.070833 0.077083
16 0.886111 0.098264 0.054167 0.063194
16 0.951389 0.090972 0.059722 0.065278
16 0.934028 0.144097 0.065278 0.054861
16 0.796875 0.419444 0.078472 0.140278
16 0.712847 0.422222 0.070139 0.159722
16 0.929167 0.445486 0.065278 0.104861
16 0.970486 0.475347 0.038194 0.113194
16 0.779167 0.705208 0.088889 0.056250
16 0.846181 0.830556 0.143750 0.251389
16 0.372917 0.696875 0.068056 0.167361
16 0.534375 0.922222 0.109028 0.119444
