16 0.738889 0.398264 0.055556 0.085417
16 0.790972 0.463542 0.109722 0.074306
16 0.698958 0.430903 0.034028 0.067361
16 0.863194 0.395486 0.084722 0.054861
16 0.946181 0.387847 0.093750 0.077083
16 0.946181 0.513889 0.060417 0.090278
16 0.914236 0.593403 0.090972 0.060417
16 0.724306 0.572569 0.095833 0.077083
16 0.815278 0.577083 0.086111 0.069444
16 0.782986 0.525694 0.102083 0.041667
16 0.740972 0.168403 0.147222 0.082639
16 0.851389 0.105556 0.048611 0.112500
16 0.933681 0.081944 0.047917 0.126389
16 0.846181 0.219097 0.072917 0.111806
16 0.950000 0.233333 0.065278 0.130556
16 0.600694 0.234375 0.131944 0.079861
16 0.529167 0.160069 0.090278 0.085417
16 0.476042 0.261111 0.071528 0.106944
16 0.460069 0.089931 0.078472 0.097917
16 0.392361 0.195139 0.069444 0.083333
16 0.080903 0.123611 0.107639 0.058333
16 0.200347 0.128472 0.114583 0.061111
16 0.078472 0.187500 0.134722 0.056944
16 0.220139 0.200694 0.131944 0.065278
16 0.084375 0.259722 0.114583 0.048611
16 0.232639 0.275000 0.127778 0.041667
16 0.207639 0.750347 0.115278 0.059028
16 0.272222 0.804514 0.098611 0.074306
16 0.054861 0.731597 0.080556 0.067361
16 0.079861 0.838542 0.045833 0.109028
16 0.124306 0.886111 0.055556 0.116667
16 0.182639 0.899306 0.061111 0.115278
16 0.280208 0.894792 0.100694 0.093750
16 0.232292 0.513194 0.111806 0.212500
16 0.126389 0.413889 0.202778 0.072222
16 0.111806 0.530903 0.169444 0.146528
16 0.479861 0.470139 0.093056 0.143056
16 0.581597 0.549653 0.149306 0.099306
16 0.590625 0.430903 0.120139 0.147917
16 0.401042 0.589931 0.097917 0.095139
16 0.373264 0.492708 0.071528 0.090972
16 0.435069 0.371528 0.082639 0.041667
16 0.463542 0.722917 0.084028 0.105556
16 0.529514 0.779861 0.077083 0.097222
16 0.432292 0.844792 0.086806 0.059028
16 0.563889 0.907639 0.134722 0.065278
16 0.515972 0.868403 0.070833 0.042361
16 0.376389 0.864931 0.052778 0.078472
16 0.729167 0.816319 0.073611 0.092361
16 0.822917 0.813889 0.059722 0.105556
16 0.879167 0.837500 0.031944 0.119444
16 0.844792 0.698958 0.078472 0.049306
16 0.164583 0.055903 0.084722 0.104861
