16 0.772222 0.823611 0.122222 0.151389
16 0.881250 0.830556 0.086111 0.108333
16 0.969097 0.912500 0.035417 0.109722
16 0.767014 0.927778 0.128472 0.105556
16 0.241667 0.919792 0.094444 0.107639
16 0.190972 0.796528 0.106944 0.088889
16 0.120833 0.825347 0.081944 0.118750
16 0.437847 0.855208 0.050694 0.088194
16 0.528472 0.879167 0.054167 0.075000
16 0.897917 0.539583 0.077778 0.090278
16 0.965625 0.548264 0.050694 0.084028
16 0.745139 0.562153 0.038889 0.081250
16 0.814236 0.376042 0.054861 0.057639
16 0.875000 0.397917 0.040278 0.052778
16 0.715972 0.466319 0.063889 0.059028
16 0.497917 0.444444 0.056944 0.108333
16 0.587500 0.392014 0.050000 0.072917
16 0.592014 0.483681 0.029861 0.050694
16 0.539931 0.556944 0.049306 0.034722
16 0.420833 0.760069 0.105556 0.061806
16 0.134722 0.506944 0.043056 0.052778
16 0.098264 0.603125 0.049306 0.042361
16 0.103472 0.190972 0.083333 0.047222
16 0.233333 0.232292 0.086111 0.050694
16 0.278125 0.277778 0.045139 0.073611
16 0.096528 0.099653 0.090278 0.075694
16 0.270486 0.156597 0.047917 0.075694
16 0.390625 0.087847 0.052083 0.071528
16 0.617708 0.188542 0.082639 0.071528
16 0.556250 0.296181 0.093056 0.054861
16 0.416667 0.258333 0.047222 0.075000
16 0.490278 0.188889 0.080556 0.072222
16 0.566319 0.063542 0.050694 0.031250
16 0.908333 0.282292 0.038889 0.052083
16 0.824306 0.266667 0.044444 0.033333
16 0.442361 0.424653 0.059722 0.142361
