16 0.827431 0.515972 0.146528 0.162500
16 0.944444 0.502083 0.073611 0.118056
16 0.813194 0.831597 0.166667 0.157639
16 0.846528 0.943403 0.093056 0.082639
16 0.494444 0.849653 0.166667 0.157639
16 0.160417 0.818403 0.166667 0.157639
16 0.525000 0.497569 0.166667 0.157639
16 0.178472 0.521181 0.166667 0.157639
16 0.161111 0.174653 0.166667 0.157639
16 0.502083 0.164931 0.166667 0.157639
16 0.852778 0.177431 0.166667 0.157639
16 0.556944 0.385764 0.069444 0.060417
16 0.451736 0.953819 0.064583 0.064583
16 0.607292 0.845486 0.082639 0.063194
16 0.395486 0.488542 0.067361 0.052083
16 0.372917 0.396875 0.072222 0.067361
16 0.161111 0.395139 0.056944 0.080556
16 0.064583 0.378819 0.056944 0.078472
16 0.055903 0.553125 0.078472 0.067361
16 0.129861 0.718750 0.086111 0.076389
16 0.286111 0.822917 0.070833 0.056944
16 0.283681 0.160417 0.071528 0.048611
16 0.614583 0.162847 0.083333 0.054861
