16 0.228472 0.107292 0.161111 0.120139
16 0.281597 0.240972 0.086806 0.155556
16 0.185417 0.253125 0.109722 0.136806
16 0.043403 0.085069 0.068750 0.136806
16 0.062153 0.254167 0.095139 0.147222
16 0.133681 0.403472 0.040972 0.079167
16 0.156597 0.439236 0.047917 0.034028
16 0.150694 0.532292 0.030556 0.067361
16 0.102778 0.450694 0.061111 0.030556
16 0.239931 0.467014 0.071528 0.071528
16 0.291667 0.511458 0.061111 0.043750
16 0.249653 0.568403 0.047917 0.068750
16 0.301389 0.563889 0.047222 0.052778
16 0.300000 0.441319 0.048611 0.050694
16 0.843403 0.742361 0.107639 0.134722
15 0.876736 0.864236 0.099306 0.077083
16 0.956597 0.777083 0.072917 0.077778
15 0.761111 0.826389 0.052778 0.038889
15 0.732639 0.874653 0.101389 0.125694
16 0.526736 0.917014 0.136806 0.146528
16 0.182639 0.912153 0.061111 0.084028
16 0.138889 0.863542 0.072222 0.060417
16 0.262847 0.897222 0.038194 0.061111
16 0.258333 0.805556 0.061111 0.068056
16 0.180556 0.762500 0.048611 0.086111
16 0.510764 0.279167 0.070139 0.079167
16 0.374653 0.189583 0.060417 0.068056
16 0.918750 0.550347 0.137500 0.117361
16 0.804861 0.473264 0.119444 0.084028
16 0.802431 0.569792 0.050694 0.079861
16 0.962847 0.051389 0.047917 0.081944
16 0.954167 0.282292 0.056944 0.072917
16 0.796181 0.284028 0.054861 0.090278
16 0.874306 0.177431 0.052778 0.086806
