16 0.785069 0.167014 0.088194 0.140972
16 0.855556 0.258681 0.065278 0.140972
16 0.898264 0.160417 0.054861 0.098611
16 0.953472 0.159722 0.055556 0.118056
16 0.938889 0.060417 0.059722 0.083333
16 0.867708 0.056250 0.054861 0.075000
16 0.853472 0.446181 0.145833 0.090972
16 0.762153 0.518056 0.147917 0.073611
16 0.859028 0.571528 0.070833 0.041667
16 0.851736 0.626042 0.107639 0.067361
16 0.522917 0.443403 0.137500 0.079861
16 0.434722 0.517361 0.156944 0.076389
16 0.517708 0.623611 0.118750 0.069444
16 0.605556 0.612153 0.077778 0.084028
16 0.820833 0.778472 0.147222 0.090278
16 0.917708 0.859722 0.125694 0.079167
16 0.723264 0.953125 0.082639 0.079861
16 0.823264 0.947917 0.104861 0.069444
16 0.720139 0.806250 0.058333 0.061111
16 0.562847 0.843750 0.090972 0.159722
16 0.482639 0.764236 0.065278 0.140972
16 0.385069 0.842361 0.046528 0.094444
16 0.438889 0.845833 0.036111 0.111111
16 0.385417 0.943056 0.072222 0.094444
16 0.128472 0.705903 0.122222 0.046528
16 0.099306 0.837847 0.168056 0.220139
16 0.273958 0.517014 0.102083 0.154861
16 0.210417 0.438889 0.126389 0.087500
16 0.223611 0.368750 0.126389 0.040278
16 0.240972 0.137847 0.179167 0.235417
16 0.579514 0.190278 0.165972 0.237500
