16 0.836806 0.173264 0.304167 0.267361
16 0.902083 0.515972 0.175000 0.245833
16 0.761111 0.450694 0.148611 0.170833
16 0.852431 0.859028 0.257639 0.237500
16 0.506944 0.764931 0.273611 0.193750
16 0.439583 0.903125 0.163889 0.167361
16 0.438194 0.495139 0.188889 0.241667
16 0.565625 0.560764 0.190972 0.136806
16 0.183333 0.490625 0.219444 0.245139
16 0.230903 0.838889 0.186806 0.244444
16 0.095139 0.778125 0.147222 0.138194
16 0.153472 0.192014 0.212500 0.221528
16 0.560069 0.114236 0.154861 0.200694
16 0.494444 0.242361 0.256944 0.158333
